0.1710343998047551
0.1710343998047551
0.1710343998047551
0.1710343998047551
0.1710343998047551
0.1710343998047551
0.1710343998047551
0.1710343998047551
0.1710343998047551
0.3984918115972344
0.3984918115972344
0.3984918115972344
0.3984918115972344
0.3984918115972344
0.3984918115972344
0.3984918115972344
0.3984918115972344
0.3984918115972344
0.3984918115972344
-0.1701518031805146
-0.1701518031805146
-0.1701518031805146
-0.1701518031805146
-0.1701518031805146
-0.1701518031805146
-0.1701518031805146
-0.1701518031805146
-0.1701518031805146
-0.1701518031805146
-0.1701518031805146
-0.1701518031805146
-0.1701518031805146
-0.1701518031805146
-0.1701518031805146
-0.1701518031805146
0.6828137042826596
0.6828137042826596
0.6828137042826596
0.6828137042826596
0.6828137042826596
0.6828137042826596
0.6828137042826596
0.6828137042826596
0.6828137042826596
0.0573056086119646
0.0573056086119646
0.0573056086119646
0.0573056086119646
0.0573056086119646
0.0573056086119646
0.0573056086119646
0.0573056086119646
0.0573056086119646
0.0573056086119646
0.0573056086119646
0.0573056086119646
0.0573056086119646
0.0573056086119646
0.0573056086119646
0.0573056086119646
0.9671354263749836
0.9671354263749836
0.9671354263749836
0.9671354263749836
0.9671354263749836
0.9671354263749836
0.9102711160751392
0.9102711160751392
0.9102711160751392
0.9102711160751392
0.9102711160751392
0.9102711160751392
0.9102711160751392
0.9102711160751392
1.0694912872705644
1.0694912872705644
1.0694912872705644
1.0694912872705644
1.0694912872705644
1.0694912872705644
1.0694912872705644
1.0694912872705644
-0.8525242091510542
-0.8525242091510542
-0.8525242091510542
-0.8525242091510542
-0.8525242091510542
-0.8525242091510542
-0.8525242091510542
-0.8525242091510542
-0.8525242091510542
-0.8525242091510542
-0.8525242091510542
-0.8525242091510542
-0.8525242091510542
-0.8525242091510542
-0.8525242091510542
-0.8525242091510542
-0.8525242091510542
-0.8525242091510542
-0.8525242091510542
-0.8525242091510542
-0.8525242091510542
-0.8525242091510542
-0.8525242091510542
-0.8525242091510542
-0.8525242091510542
-0.8525242091510542
-0.45447369586594
-0.45447369586594
-0.45447369586594
-0.45447369586594
-0.45447369586594
-0.45447369586594
-0.45447369586594
-0.45447369586594
-0.45447369586594
-0.45447369586594
0.4382968117478154
0.4382968117478154
0.4382968117478154
0.4382968117478154
0.4382968117478154
0.4382968117478154
0.4382968117478154
0.4382968117478154
0.4382968117478154
0.4382968117478154
0.4382968117478154
0.4382968117478154
0.4382968117478154
0.4553561218970789
0.4553561218970789
0.4553561218970789
0.4553561218970789
0.4553561218970789
0.4553561218970789
0.4553561218970789
0.4553561218970789
0.4553561218970789
0.4553561218970789
-2.956505907955619
-2.956505907955619
-2.956505907955619
-2.956505907955619
-2.956505907955619
-2.956505907955619
-2.956505907955619
-2.956505907955619
-2.956505907955619
-2.956505907955619
-2.956505907955619
-2.956505907955619
-2.956505907955619
-2.956505907955619
-2.956505907955619
-2.956505907955619
-2.956505907955619
-2.956505907955619
-2.956505907955619
-0.4089821452702035
-0.4089821452702035
-0.4089821452702035
-0.4089821452702035
-0.4089821452702035
-0.4089821452702035
-0.4089821452702035
-0.4089821452702035
-0.4089821452702035
-0.4089821452702035
-0.0564231825808258
-0.0564231825808258
-0.0564231825808258
-0.0564231825808258
-0.0564231825808258
-0.0564231825808258
-0.0564231825808258
-0.0564231825808258
-0.0564231825808258
-0.0564231825808258
-0.0564231825808258
-0.0564231825808258
0.7396780145825042
0.7396780145825042
0.7396780145825042
0.7396780145825042
0.7396780145825042
0.7396780145825042
0.7396780145825042
0.7396780145825042
0.7396780145825042
0.7396780145825042
0.7396780145825042
0.7396780145825042
0.7396780145825042
0.7396780145825042
0.2222123302525455
0.2222123302525455
0.2222123302525455
0.2222123302525455
0.2222123302525455
0.2222123302525455
0.2222123302525455
0.2222123302525455
0.2222123302525455
0.2222123302525455
0.2222123302525455
1.0239999072679296
1.0239999072679296
1.0239999072679296
1.0239999072679296
1.0239999072679296
1.0239999072679296
1.0239999072679296
1.0239999072679296
1.0239999072679296
1.0239999072679296
1.0239999072679296
1.0239999072679296
1.0239999072679296
0.1710343998047551
0.1710343998047551
0.1710343998047551
0.1710343998047551
0.1710343998047551
0.1710343998047551
0.1710343998047551
0.1710343998047551
0.1710343998047551
0.1710343998047551
0.1710343998047551
0.1710343998047551
-2.336684192136978
-2.336684192136978
-2.336684192136978
-2.336684192136978
-2.336684192136978
-2.336684192136978
-2.336684192136978
-2.336684192136978
-2.336684192136978
-2.336684192136978
-2.336684192136978
-2.336684192136978
-2.336684192136978
0.1710343998047551
0.1710343998047551
0.1710343998047551
0.1710343998047551
0.1710343998047551
0.1710343998047551
0.1710343998047551
0.1710343998047551
0.1710343998047551
0.1710343998047551
0.1710343998047551
0.1710343998047551
0.1710343998047551
-1.3131255831811686
-1.3131255831811686
-1.3131255831811686
-1.3131255831811686
-1.3131255831811686
-1.3131255831811686
-1.3131255831811686
-1.3131255831811686
-1.3131255831811686
-1.3131255831811686
-1.3131255831811686
-1.3131255831811686
-1.3131255831811686
-1.023117310643689
-1.023117310643689
-1.023117310643689
-1.023117310643689
-1.023117310643689
-1.023117310643689
-1.023117310643689
-1.023117310643689
-1.023117310643689
-1.023117310643689
-1.023117310643689
-1.023117310643689
-0.3407449046731495
-0.3407449046731495
-0.3407449046731495
-0.3407449046731495
-0.3407449046731495
-0.3407449046731495
-0.3407449046731495
-0.3407449046731495
-0.3407449046731495
-0.3407449046731495
-0.3407449046731495
-0.3407449046731495
0.2278987101045995
0.2278987101045995
0.2278987101045995
0.2278987101045995
0.2278987101045995
0.2278987101045995
0.2278987101045995
0.2278987101045995
0.2278987101045995
-0.0564231825808258
-0.0564231825808258
-0.0564231825808258
-0.0564231825808258
-0.0564231825808258
-0.0564231825808258
-0.0564231825808258
-0.0564231825808258
-0.0564231825808258
-0.0564231825808258
-0.0564231825808258
0.1710343998047551
0.1710343998047551
0.1710343998047551
0.1710343998047551
0.1710343998047551
0.1710343998047551
0.1710343998047551
0.1710343998047551
0.1710343998047551
0.1710343998047551
0.1710343998047551
-1.3074392033291145
-1.3074392033291145
-1.3074392033291145
-1.3074392033291145
-1.3074392033291145
-1.3074392033291145
-1.3074392033291145
-1.3074392033291145
-1.3074392033291145
-1.3074392033291145
-1.3074392033291145
-1.3074392033291145
-1.3074392033291145
-1.3074392033291145
-1.3074392033291145
-1.3074392033291145
-1.3074392033291145
-0.3407449046731495
-0.3407449046731495
-0.3407449046731495
-0.3407449046731495
-0.3407449046731495
-0.3407449046731495
-0.3407449046731495
-0.3407449046731495
-0.3407449046731495
-0.3407449046731495
-0.3407449046731495
-0.3407449046731495
-0.3407449046731495
-0.3407449046731495
-0.3407449046731495
-0.3407449046731495
-0.3407449046731495
0.6259492233897138
0.6259492233897138
0.6259492233897138
0.6259492233897138
0.6259492233897138
0.6259492233897138
0.6259492233897138
0.6259492233897138
0.6259492233897138
0.6259492233897138
0.6259492233897138
0.6259492233897138
0.6259492233897138
0.6259492233897138
0.6259492233897138
0.6259492233897138
0.6259492233897138
0.6259492233897138
0.6259492233897138
0.6259492233897138
0.6259492233897138
0.6259492233897138
0.6259492233897138
0.6259492233897138
0.6259492233897138
0.6259492233897138
0.6259492233897138
0.6259492233897138
0.6259492233897138
0.6259492233897138
0.6259492233897138
0.4553561218970789
0.4553561218970789
0.4553561218970789
0.4553561218970789
0.4553561218970789
0.4553561218970789
0.4553561218970789
0.4553561218970789
0.4553561218970789
0.4553561218970789
0.4553561218970789
0.9614490465229296
0.9614490465229296
0.9614490465229296
0.9614490465229296
0.9614490465229296
0.9614490465229296
0.9614490465229296
0.9614490465229296
0.9614490465229296
0.9614490465229296
0.9614490465229296
-0.1132874928806702
-0.1132874928806702
-0.1132874928806702
-0.1132874928806702
-0.1132874928806702
-0.1132874928806702
-0.1132874928806702
-0.1132874928806702
-0.1132874928806702
-0.1132874928806702
-0.1132874928806702
-0.1132874928806702
-0.1132874928806702
-0.1132874928806702
-0.1132874928806702
-0.1132874928806702
-0.1132874928806702
-0.1132874928806702
-0.1132874928806702
-0.1132874928806702
-0.1132874928806702
-0.1132874928806702
-0.1132874928806702
-0.1132874928806702
0.7396780145825042
0.7396780145825042
0.7396780145825042
0.7396780145825042
0.7396780145825042
0.7396780145825042
0.7396780145825042
0.7396780145825042
0.7396780145825042
0.7396780145825042
0.7396780145825042
0.7396780145825042
0.114169918911809
0.114169918911809
0.114169918911809
0.114169918911809
0.114169918911809
0.114169918911809
0.114169918911809
0.114169918911809
0.114169918911809
0.114169918911809
0.114169918911809
0.114169918911809
1.0239999072679296
1.0239999072679296
1.0239999072679296
1.0239999072679296
1.0239999072679296
1.0239999072679296
1.0239999072679296
0.7965423248823488
0.7965423248823488
0.7965423248823488
0.7965423248823488
0.7965423248823488
0.7965423248823488
0.7965423248823488
0.7965423248823488
0.7965423248823488
0.7965423248823488
0.4553561218970789
0.4553561218970789
0.4553561218970789
0.4553561218970789
0.4553561218970789
0.4553561218970789
0.4553561218970789
0.4553561218970789
0.4553561218970789
0.4553561218970789
0.4439833621929709
0.4439833621929709
0.4439833621929709
0.4439833621929709
0.4439833621929709
0.4439833621929709
0.4439833621929709
0.4439833621929709
0.4439833621929709
0.4439833621929709
0.4439833621929709
0.4439833621929709
0.4439833621929709
0.4439833621929709
0.4439833621929709
0.4439833621929709
0.4439833621929709
0.4439833621929709
-0.9093886900440002
-0.9093886900440002
-0.9093886900440002
-0.9093886900440002
-0.9093886900440002
-0.9093886900440002
-0.9093886900440002
-0.9093886900440002
-0.9093886900440002
-0.9093886900440002
-0.9093886900440002
0.7396780145825042
0.7396780145825042
0.7396780145825042
0.7396780145825042
0.7396780145825042
0.7396780145825042
-0.9207614497481084
-0.9207614497481084
-0.9207614497481084
-0.9207614497481084
-0.9207614497481084
-0.9207614497481084
-0.9207614497481084
-0.9207614497481084
-0.9207614497481084
-0.9207614497481084
-0.9207614497481084
-0.9207614497481084
-0.9207614497481084
-0.9207614497481084
-0.9207614497481084
-0.9207614497481084
-0.9207614497481084
-0.9093886900440002
-0.9093886900440002
-0.9093886900440002
-0.9093886900440002
-0.9093886900440002
-0.9093886900440002
-0.9093886900440002
-0.9093886900440002
-0.9093886900440002
-0.9093886900440002
-0.9093886900440002
-0.9093886900440002
0.9102711160751392
0.9102711160751392
0.9102711160751392
0.9102711160751392
0.9102711160751392
0.9102711160751392
0.9102711160751392
-2.956505907955619
-2.956505907955619
-2.956505907955619
-2.956505907955619
-2.956505907955619
-2.956505907955619
-2.956505907955619
-2.956505907955619
-2.956505907955619
-2.956505907955619
-2.956505907955619
-2.956505907955619
-2.956505907955619
-2.956505907955619
-2.956505907955619
-2.956505907955619
-2.956505907955619
-2.956505907955619
-2.956505907955619
-2.956505907955619
-0.3976093855660956
-0.3976093855660956
-0.3976093855660956
-0.3976093855660956
-0.3976093855660956
-0.3976093855660956
-0.3976093855660956
-0.3976093855660956
-0.3976093855660956
-0.3976093855660956
-0.3976093855660956
-0.3976093855660956
-0.3976093855660956
0.1710343998047551
0.1710343998047551
0.1710343998047551
0.1710343998047551
0.1710343998047551
0.1710343998047551
0.1710343998047551
0.1710343998047551
0.1710343998047551
0.1710343998047551
0.7396780145825042
0.7396780145825042
0.7396780145825042
0.7396780145825042
-1.3643035136289587
-1.3643035136289587
-1.3643035136289587
-1.3643035136289587
-1.3643035136289587
-1.3643035136289587
-1.3643035136289587
-1.3643035136289587
-1.3643035136289587
-1.3643035136289587
-1.3643035136289587
0.114169918911809
0.114169918911809
0.114169918911809
0.114169918911809
0.114169918911809
0.114169918911809
0.114169918911809
0.114169918911809
0.114169918911809
-0.1701518031805146
-0.1701518031805146
-0.1701518031805146
-0.1701518031805146
-0.1701518031805146
-0.1701518031805146
-0.1701518031805146
-0.1701518031805146
-0.1701518031805146
-0.1701518031805146
-0.1701518031805146
0.7396780145825042
0.7396780145825042
0.7396780145825042
0.7396780145825042
0.7396780145825042
0.7396780145825042
0.7396780145825042
0.7396780145825042
0.7396780145825042
0.8477202553301391
0.8477202553301391
0.8477202553301391
0.8477202553301391
0.8477202553301391
0.8477202553301391
0.8477202553301391
0.8477202553301391
0.8477202553301391
0.8477202553301391
0.8477202553301391
0.8477202553301391
0.9671354263749836
0.9671354263749836
0.9671354263749836
0.9671354263749836
0.9671354263749836
0.9671354263749836
0.7396780145825042
0.7396780145825042
0.7396780145825042
0.7396780145825042
0.7396780145825042
0.7396780145825042
0.7396780145825042
0.7396780145825042
0.7396780145825042
0.7396780145825042
0.4553561218970789
0.4553561218970789
0.4553561218970789
0.4553561218970789
0.4553561218970789
0.4553561218970789
0.4553561218970789
0.4553561218970789
0.4553561218970789
0.4553561218970789
0.7396780145825042
0.7396780145825042
0.7396780145825042
0.7396780145825042
0.7396780145825042
0.7396780145825042
0.7965423248823488
0.7965423248823488
0.7965423248823488
0.7965423248823488
0.7965423248823488
0.7965423248823488
0.7965423248823488
0.7965423248823488
0.7965423248823488
0.7965423248823488
0.7965423248823488
0.7965423248823488
1.07517783771572
1.07517783771572
1.07517783771572
1.07517783771572
1.07517783771572
1.07517783771572
1.07517783771572
1.07517783771572
1.07517783771572
1.07517783771572
0.5122206027900248
0.5122206027900248
0.5122206027900248
0.5122206027900248
0.5122206027900248
0.5122206027900248
0.5122206027900248
0.5122206027900248
0.5122206027900248
0.5122206027900248
0.5122206027900248
1.080864217567774
1.080864217567774
1.080864217567774
1.080864217567774
1.080864217567774
1.080864217567774
1.080864217567774
1.080864217567774
1.080864217567774
1.0239999072679296
1.0239999072679296
1.0239999072679296
1.0239999072679296
1.0239999072679296
1.0239999072679296
1.0239999072679296
0.9671354263749836
0.9671354263749836
0.9671354263749836
0.9671354263749836
0.9671354263749836
0.9671354263749836
0.9671354263749836
0.9671354263749836
0.1027971592077011
0.1027971592077011
0.1027971592077011
0.1027971592077011
0.1027971592077011
0.1027971592077011
0.1027971592077011
0.1027971592077011
0.1027971592077011
0.1027971592077011
0.1027971592077011
0.1027971592077011
0.1027971592077011
0.1027971592077011
0.1027971592077011
0.1027971592077011
0.1027971592077011
0.1027971592077011
0.1027971592077011
0.1027971592077011
0.1027971592077011
0.1027971592077011
0.1027971592077011
0.1027971592077011
0.1027971592077011
0.1027971592077011
0.1027971592077011
-0.3009399045225686
-0.3009399045225686
-0.3009399045225686
-0.3009399045225686
-0.3009399045225686
-0.3009399045225686
-0.3009399045225686
-0.3009399045225686
-0.3009399045225686
-0.3009399045225686
-0.3009399045225686
-0.3009399045225686
-0.3009399045225686
-0.3009399045225686
-0.3009399045225686
-0.3009399045225686
-0.3009399045225686
-0.3009399045225686
-0.3009399045225686
0.2222123302525455
0.2222123302525455
0.2222123302525455
0.2222123302525455
0.2222123302525455
0.2222123302525455
0.2222123302525455
0.2222123302525455
0.2222123302525455
0.2222123302525455
0.2222123302525455
0.2222123302525455
0.2222123302525455
0.2222123302525455
0.2222123302525455
0.2222123302525455
0.2222123302525455
0.9102711160751392
0.9102711160751392
0.9102711160751392
0.9102711160751392
0.9102711160751392
0.9102711160751392
0.9102711160751392
0.9102711160751392
0.9102711160751392
0.9102711160751392
0.4553561218970789
0.4553561218970789
0.4553561218970789
0.4553561218970789
0.4553561218970789
0.4553561218970789
0.4553561218970789
0.4553561218970789
0.4553561218970789
0.4553561218970789
0.1710343998047551
0.1710343998047551
0.1710343998047551
0.1710343998047551
0.1710343998047551
0.1710343998047551
0.1710343998047551
0.1710343998047551
0.1710343998047551
0.1710343998047551
-0.1132874928806702
-0.1132874928806702
-0.1132874928806702
-0.1132874928806702
-0.1132874928806702
-0.1132874928806702
-0.1132874928806702
-0.1132874928806702
-0.1132874928806702
-0.1132874928806702
-0.1132874928806702
-0.1132874928806702
0.2278987101045995
0.2278987101045995
0.2278987101045995
0.2278987101045995
0.2278987101045995
0.2278987101045995
0.2278987101045995
0.2278987101045995
0.2278987101045995
0.2278987101045995
0.3302545710001804
0.3302545710001804
0.3302545710001804
0.3302545710001804
0.3302545710001804
0.3302545710001804
0.3302545710001804
0.3302545710001804
0.3302545710001804
0.3302545710001804
0.3302545710001804
0.3302545710001804
0.3302545710001804
0.3302545710001804
0.3302545710001804
0.3302545710001804
0.3302545710001804
0.3302545710001804
0.3302545710001804
-0.5682024870587304
-0.5682024870587304
-0.5682024870587304
-0.5682024870587304
-0.5682024870587304
-0.5682024870587304
-0.5682024870587304
-0.5682024870587304
-0.5682024870587304
-0.5682024870587304
-0.5682024870587304
-0.5682024870587304
-0.5682024870587304
-1.0799817915366352
-1.0799817915366352
-1.0799817915366352
-1.0799817915366352
-1.0799817915366352
-1.0799817915366352
-1.0799817915366352
-1.0799817915366352
-1.0799817915366352
-1.0799817915366352
-1.0799817915366352
-1.0799817915366352
-1.0799817915366352
-1.0799817915366352
-1.0799817915366352
-1.0799817915366352
-1.0799817915366352
1.080864217567774
1.080864217567774
1.080864217567774
1.080864217567774
1.080864217567774
1.080864217567774
1.080864217567774
0.9045847362230852
0.9045847362230852
0.9045847362230852
0.9045847362230852
0.9045847362230852
-0.45447369586594
-0.45447369586594
-0.45447369586594
-0.45447369586594
-0.45447369586594
-0.45447369586594
-0.45447369586594
-0.45447369586594
-0.45447369586594
-0.45447369586594
-0.45447369586594
-0.45447369586594
-0.45447369586594
-0.45447369586594
-0.45447369586594
-0.45447369586594
-0.45447369586594
-0.45447369586594
-0.45447369586594
-1.8817693685520192
-1.8817693685520192
-1.8817693685520192
-1.8817693685520192
-1.8817693685520192
-1.8817693685520192
-1.8817693685520192
-1.8817693685520192
-1.8817693685520192
-1.8817693685520192
-1.8817693685520192
-1.8817693685520192
-1.8817693685520192
-1.8817693685520192
-1.8817693685520192
0.0573056086119646
0.0573056086119646
0.0573056086119646
0.0573056086119646
0.0573056086119646
0.0573056086119646
0.0573056086119646
0.0573056086119646
0.0573056086119646
0.0573056086119646
-0.1132874928806702
-0.1132874928806702
-0.1132874928806702
-0.1132874928806702
-0.1132874928806702
-0.1132874928806702
-0.1132874928806702
-0.1132874928806702
-0.1132874928806702
-0.1132874928806702
-0.1132874928806702
-0.1132874928806702
0.7339916347304503
0.7339916347304503
0.7339916347304503
0.7339916347304503
0.7339916347304503
0.7339916347304503
0.7339916347304503
0.7339916347304503
0.7339916347304503
0.7339916347304503
0.7339916347304503
0.7339916347304503
0.7339916347304503
0.6259492233897138
0.6259492233897138
0.6259492233897138
0.6259492233897138
0.6259492233897138
0.6259492233897138
0.6259492233897138
0.6259492233897138
-0.2838805943733051
-0.2838805943733051
-0.2838805943733051
-0.2838805943733051
-0.2838805943733051
-0.2838805943733051
-0.2838805943733051
-0.2838805943733051
-0.2838805943733051
-0.2838805943733051
-0.2838805943733051
-0.2838805943733051
-0.2838805943733051
-0.2838805943733051
-0.2838805943733051
-0.2838805943733051
1.0239999072679296
1.0239999072679296
1.0239999072679296
1.0239999072679296
1.0239999072679296
1.0239999072679296
1.0239999072679296
0.7396780145825042
0.7396780145825042
0.7396780145825042
0.7396780145825042
0.7396780145825042
0.7396780145825042
0.7396780145825042
0.7396780145825042
0.7396780145825042
0.7396780145825042
0.5122206027900248
0.5122206027900248
0.5122206027900248
0.5122206027900248
0.5122206027900248
0.5122206027900248
0.5122206027900248
0.5122206027900248
0.5122206027900248
1.0239999072679296
1.0239999072679296
1.0239999072679296
1.0239999072679296
1.0239999072679296
1.0239999072679296
0.0573056086119646
0.0573056086119646
0.0573056086119646
0.0573056086119646
0.0573056086119646
0.0573056086119646
0.0573056086119646
0.0573056086119646
0.0573056086119646
0.0573056086119646
0.0573056086119646
0.0573056086119646
0.0573056086119646
-1.2050833424335337
-1.2050833424335337
-1.2050833424335337
-1.2050833424335337
-1.2050833424335337
-1.2050833424335337
-1.2050833424335337
-1.2050833424335337
-1.2050833424335337
-1.2050833424335337
-1.2050833424335337
-1.2050833424335337
-1.2050833424335337
-1.2050833424335337
-1.2050833424335337
-1.2050833424335337
-1.2050833424335337
-1.2050833424335337
-1.2050833424335337
-0.0564231825808258
-0.0564231825808258
-0.0564231825808258
-0.0564231825808258
-0.0564231825808258
-0.0564231825808258
-0.0564231825808258
-0.0564231825808258
-0.0564231825808258
-0.0564231825808258
-2.0466759195994984
-2.0466759195994984
-2.0466759195994984
-2.0466759195994984
-2.0466759195994984
-2.0466759195994984
-2.0466759195994984
-2.0466759195994984
-2.0466759195994984
-2.0466759195994984
-2.0466759195994984
-2.0466759195994984
-2.0466759195994984
-2.0466759195994984
-2.0466759195994984
-2.0466759195994984
-2.0466759195994984
-2.0466759195994984
-2.0466759195994984
-2.0466759195994984
-2.0466759195994984
-2.0466759195994984
-0.2270162840734607
-0.2270162840734607
-0.2270162840734607
-0.2270162840734607
-0.2270162840734607
-0.2270162840734607
-0.2270162840734607
-0.2270162840734607
-0.2270162840734607
-0.2270162840734607
-0.2270162840734607
-0.7387955885513654
-0.7387955885513654
-0.7387955885513654
-0.7387955885513654
-0.7387955885513654
-0.7387955885513654
-0.7387955885513654
-0.7387955885513654
-0.7387955885513654
-0.7387955885513654
-0.7387955885513654
-0.7387955885513654
1.080864217567774
1.080864217567774
1.080864217567774
1.080864217567774
1.080864217567774
1.080864217567774
1.080864217567774
1.080864217567774
1.080864217567774
1.080864217567774
1.080864217567774
1.080864217567774
1.080864217567774
1.080864217567774
1.080864217567774
1.080864217567774
1.080864217567774
1.080864217567774
1.080864217567774
-1.193710412136324
-1.193710412136324
-1.193710412136324
-1.193710412136324
-1.193710412136324
-1.193710412136324
-1.193710412136324
-1.193710412136324
-1.193710412136324
-1.193710412136324
-1.193710412136324
-1.193710412136324
-1.193710412136324
-1.193710412136324
-1.193710412136324
-2.729048325570038
-2.729048325570038
-2.729048325570038
-2.729048325570038
-2.729048325570038
-2.729048325570038
-2.729048325570038
-2.729048325570038
-2.729048325570038
-2.729048325570038
-2.729048325570038
-2.729048325570038
-2.729048325570038
-2.729048325570038
-2.729048325570038
-2.729048325570038
0.0573056086119646
0.0573056086119646
0.0573056086119646
0.0573056086119646
0.0573056086119646
0.0573056086119646
0.0573056086119646
0.0573056086119646
0.0573056086119646
0.0573056086119646
-2.899641427062673
-2.899641427062673
-2.899641427062673
-2.899641427062673
-2.899641427062673
-2.899641427062673
-2.899641427062673
-2.899641427062673
-2.899641427062673
-2.899641427062673
-2.899641427062673
-2.899641427062673
-2.899641427062673
-2.899641427062673
-2.899641427062673
0.114169918911809
0.114169918911809
0.114169918911809
0.114169918911809
0.114169918911809
0.114169918911809
0.114169918911809
0.114169918911809
0.114169918911809
0.114169918911809
-0.0677959422849337
-0.0677959422849337
-0.0677959422849337
-0.0677959422849337
-0.0677959422849337
-0.0677959422849337
-0.0677959422849337
-0.0677959422849337
-0.0677959422849337
1.080864217567774
1.080864217567774
1.080864217567774
1.080864217567774
1.080864217567774
1.080864217567774
1.080864217567774
1.080864217567774
0.2278987101045995
0.2278987101045995
0.2278987101045995
0.2278987101045995
0.2278987101045995
0.2278987101045995
0.2278987101045995
0.2278987101045995
0.3984918115972344
0.3984918115972344
0.3984918115972344
0.3984918115972344
0.3984918115972344
0.3984918115972344
0.3984918115972344
0.3984918115972344
0.3984918115972344
0.3984918115972344
-0.3976093855660956
-0.3976093855660956
-0.3976093855660956
-0.3976093855660956
-0.3976093855660956
-0.3976093855660956
-0.3976093855660956
-0.3976093855660956
-0.3976093855660956
-0.3976093855660956
-0.3976093855660956
0.34162750129739
0.34162750129739
0.34162750129739
0.34162750129739
0.34162750129739
0.34162750129739
0.34162750129739
0.34162750129739
0.34162750129739
0.34162750129739
0.34162750129739
0.34162750129739
0.34162750129739
0.34162750129739
0.34162750129739
0.34162750129739
0.34162750129739
0.34162750129739
0.34162750129739
0.34162750129739
0.34162750129739
1.080864217567774
1.080864217567774
1.080864217567774
1.080864217567774
1.080864217567774
1.080864217567774
1.080864217567774
1.080864217567774
1.080864217567774
1.080864217567774
1.080864217567774
1.080864217567774
1.080864217567774
0.2222123302525455
0.2222123302525455
0.2222123302525455
0.2222123302525455
0.2222123302525455
0.2222123302525455
0.2222123302525455
0.2222123302525455
0.2222123302525455
0.5122206027900248
0.5122206027900248
0.5122206027900248
0.5122206027900248
0.5122206027900248
0.5122206027900248
0.5122206027900248
0.5122206027900248
0.5122206027900248
0.5122206027900248
1.0012540466735105
1.0012540466735105
1.0012540466735105
1.0012540466735105
1.0012540466735105
1.0012540466735105
1.0012540466735105
1.0012540466735105
1.0012540466735105
1.0012540466735105
0.4553561218970789
0.4553561218970789
0.4553561218970789
0.4553561218970789
0.4553561218970789
0.4553561218970789
0.4553561218970789
0.4553561218970789
0.4553561218970789
0.4553561218970789
0.4553561218970789
0.4553561218970789
0.3984918115972344
0.3984918115972344
0.3984918115972344
0.3984918115972344
0.3984918115972344
0.3984918115972344
0.3984918115972344
0.3984918115972344
0.3984918115972344
0.3984918115972344
0.3984918115972344
0.3984918115972344
1.018313356822774
1.018313356822774
1.018313356822774
1.018313356822774
1.018313356822774
1.018313356822774
1.018313356822774
1.018313356822774
1.018313356822774
1.018313356822774
1.018313356822774
0.114169918911809
0.114169918911809
0.114169918911809
0.114169918911809
0.114169918911809
0.114169918911809
0.114169918911809
0.114169918911809
0.114169918911809
0.114169918911809
0.114169918911809
0.114169918911809
0.114169918911809
0.114169918911809
0.114169918911809
0.114169918911809
0.114169918911809
0.6145764636856058
0.6145764636856058
0.6145764636856058
0.6145764636856058
0.6145764636856058
0.6145764636856058
0.6145764636856058
0.6145764636856058
0.6145764636856058
0.6145764636856058
1.080864217567774
1.080864217567774
1.080864217567774
1.080864217567774
1.080864217567774
1.080864217567774
1.080864217567774
1.080864217567774
1.080864217567774
1.080864217567774
1.080864217567774
1.080864217567774
1.080864217567774
1.080864217567774
1.080864217567774
1.080864217567774
1.080864217567774
1.080864217567774
1.080864217567774
1.080864217567774
1.080864217567774
1.018313356822774
1.018313356822774
1.018313356822774
1.018313356822774
1.018313356822774
1.018313356822774
1.01262697697072
1.01262697697072
1.01262697697072
1.01262697697072
1.01262697697072
1.01262697697072
1.01262697697072
1.01262697697072
1.01262697697072
1.01262697697072
1.07517783771572
1.07517783771572
1.07517783771572
1.07517783771572
1.080864217567774
1.080864217567774
1.080864217567774
1.080864217567774
1.080864217567774
0.7396780145825042
0.7396780145825042
0.7396780145825042
0.7396780145825042
0.7396780145825042
0.7396780145825042
0.9671354263749836
0.9671354263749836
0.9671354263749836
0.9671354263749836
0.9671354263749836
0.9671354263749836
1.0239999072679296
1.0239999072679296
1.0239999072679296
1.0239999072679296
0.6828137042826596
0.6828137042826596
0.6828137042826596
0.6828137042826596
0.6828137042826596
0.6828137042826596
0.6828137042826596
0.6828137042826596
0.6828137042826596
0.6828137042826596
0.6828137042826596
0.6828137042826596
0.6828137042826596
-0.0677959422849337
-0.0677959422849337
-0.0677959422849337
-0.0677959422849337
-0.0677959422849337
-0.0677959422849337
-0.0677959422849337
-0.0677959422849337
1.0239999072679296
1.0239999072679296
1.0239999072679296
1.0239999072679296
1.0239999072679296
1.0239999072679296
0.8534068057752945
0.8534068057752945
0.8534068057752945
0.8534068057752945
0.8534068057752945
0.8534068057752945
0.8534068057752945
0.8534068057752945
0.8534068057752945
0.8534068057752945
0.8534068057752945
0.8534068057752945
0.8534068057752945
0.2278987101045995
0.2278987101045995
0.2278987101045995
0.2278987101045995
0.2278987101045995
0.2278987101045995
0.2278987101045995
0.2278987101045995
0.2278987101045995
0.2278987101045995
0.2278987101045995
0.2278987101045995
0.2278987101045995
0.2278987101045995
0.2278987101045995
0.2278987101045995
0.2278987101045995
0.2278987101045995
0.2278987101045995
0.2278987101045995
0.2278987101045995
0.2278987101045995
0.2278987101045995
0.2278987101045995
0.2278987101045995
0.2278987101045995
1.018313356822774
1.018313356822774
1.018313356822774
1.018313356822774
1.018313356822774
0.5008476724928154
0.5008476724928154
0.5008476724928154
0.5008476724928154
0.5008476724928154
0.5008476724928154
0.5008476724928154
0.5008476724928154
0.5008476724928154
0.5008476724928154
0.5008476724928154
0.5008476724928154
0.5008476724928154
0.9671354263749836
0.9671354263749836
0.9671354263749836
0.9671354263749836
0.9671354263749836
0.9671354263749836
0.9671354263749836
0.9671354263749836
0.6828137042826596
0.6828137042826596
0.6828137042826596
0.6828137042826596
0.6828137042826596
0.6828137042826596
0.6828137042826596
0.6828137042826596
0.6828137042826596
0.6828137042826596
0.6828137042826596
0.6828137042826596
0.6828137042826596
0.114169918911809
0.114169918911809
0.114169918911809
0.114169918911809
0.114169918911809
0.114169918911809
0.114169918911809
0.114169918911809
0.114169918911809
0.114169918911809
0.114169918911809
0.114169918911809
0.114169918911809
0.114169918911809
0.114169918911809
0.114169918911809
0.114169918911809
0.114169918911809
0.114169918911809
0.114169918911809
0.114169918911809
0.114169918911809
0.114169918911809
0.114169918911809
-0.2270162840734607
-0.2270162840734607
-0.2270162840734607
-0.2270162840734607
-0.2270162840734607
-0.2270162840734607
-0.2270162840734607
-0.2270162840734607
-0.2270162840734607
-0.2270162840734607
-0.2270162840734607
-0.2270162840734607
-0.2270162840734607
-0.2270162840734607
-0.2270162840734607
-0.2270162840734607
-0.2270162840734607
-0.2270162840734607
-0.3407449046731495
-0.3407449046731495
-0.3407449046731495
-0.3407449046731495
-0.3407449046731495
-0.3407449046731495
-0.3407449046731495
-0.3407449046731495
-0.3407449046731495
-0.3407449046731495
-0.3407449046731495
-0.3407449046731495
-0.3407449046731495
-0.3407449046731495
-0.3407449046731495
-0.3407449046731495
-0.3407449046731495
0.2278987101045995
0.2278987101045995
0.2278987101045995
0.2278987101045995
0.2278987101045995
0.2278987101045995
0.2278987101045995
0.2278987101045995
0.2278987101045995
0.2278987101045995
0.2278987101045995
-2.166091090644343
-2.166091090644343
-2.166091090644343
-2.166091090644343
-2.166091090644343
-2.166091090644343
-2.166091090644343
-2.166091090644343
-2.166091090644343
-2.166091090644343
-2.166091090644343
-2.166091090644343
-2.166091090644343
-2.166091090644343
-2.166091090644343
-2.166091090644343
-2.166091090644343
0.5122206027900248
0.5122206027900248
0.5122206027900248
0.5122206027900248
0.5122206027900248
0.5122206027900248
0.5122206027900248
0.5122206027900248
0.5122206027900248
0.5122206027900248
0.5122206027900248
0.2278987101045995
0.2278987101045995
0.2278987101045995
0.2278987101045995
0.2278987101045995
0.2278987101045995
0.2278987101045995
0.2278987101045995
0.2278987101045995
0.2278987101045995
0.2278987101045995
0.2278987101045995
0.2278987101045995
0.2278987101045995
0.7339916347304503
0.7339916347304503
0.7339916347304503
0.7339916347304503
0.7339916347304503
0.7339916347304503
0.7339916347304503
0.7339916347304503
1.080864217567774
1.080864217567774
1.080864217567774
1.080864217567774
1.080864217567774
1.080864217567774
1.080864217567774
1.080864217567774
1.080864217567774
1.080864217567774
1.080864217567774
0.9102711160751392
0.9102711160751392
0.9102711160751392
0.9102711160751392
0.9102711160751392
0.9102711160751392
0.9102711160751392
0.9102711160751392
0.9102711160751392
0.9102711160751392
-0.8525242091510542
-0.8525242091510542
-0.8525242091510542
-0.8525242091510542
-0.8525242091510542
-0.8525242091510542
-0.8525242091510542
-0.8525242091510542
-0.8525242091510542
-0.8525242091510542
-0.8525242091510542
-0.8525242091510542
-0.8525242091510542
-0.8525242091510542
-0.8525242091510542
-0.8525242091510542
-0.8525242091510542
-0.8525242091510542
-0.8525242091510542
-0.8525242091510542
-0.8525242091510542
-0.8525242091510542
-0.8525242091510542
-0.8525242091510542
-0.0564231825808258
-0.0564231825808258
-0.0564231825808258
-0.0564231825808258
-0.0564231825808258
-0.0564231825808258
-0.0564231825808258
-0.0564231825808258
-0.0564231825808258
-0.0564231825808258
0.1710343998047551
0.1710343998047551
0.1710343998047551
0.1710343998047551
0.1710343998047551
0.1710343998047551
0.1710343998047551
0.1710343998047551
0.1710343998047551
0.1710343998047551
0.7396780145825042
0.7396780145825042
0.7396780145825042
0.7396780145825042
0.7396780145825042
0.7396780145825042
0.7396780145825042
0.7396780145825042
0.7396780145825042
0.7396780145825042
-0.1701518031805146
-0.1701518031805146
-0.1701518031805146
-0.1701518031805146
-0.1701518031805146
-0.1701518031805146
-0.1701518031805146
-0.1701518031805146
-0.1701518031805146
-0.1701518031805146
-0.1701518031805146
-0.1701518031805146
-0.1701518031805146
-0.1701518031805146
-0.1701518031805146
-0.1701518031805146
-0.1701518031805146
1.080864217567774
1.080864217567774
1.080864217567774
1.080864217567774
1.080864217567774
1.080864217567774
1.080864217567774
1.080864217567774
0.5008476724928154
0.5008476724928154
0.5008476724928154
0.5008476724928154
0.5008476724928154
0.5008476724928154
0.5008476724928154
0.5008476724928154
0.5008476724928154
0.5008476724928154
0.5008476724928154
0.5008476724928154
0.5008476724928154
0.5008476724928154
0.2278987101045995
0.2278987101045995
0.2278987101045995
0.2278987101045995
0.2278987101045995
0.2278987101045995
0.2278987101045995
0.2278987101045995
0.2278987101045995
0.2278987101045995
0.2278987101045995
0.2278987101045995
0.4326104318957614
0.4326104318957614
0.4326104318957614
0.4326104318957614
0.4326104318957614
0.4326104318957614
0.4326104318957614
0.4326104318957614
0.4326104318957614
0.4326104318957614
0.4326104318957614
0.5122206027900248
0.5122206027900248
0.5122206027900248
0.5122206027900248
0.5122206027900248
0.3984918115972344
0.3984918115972344
0.3984918115972344
0.3984918115972344
0.3984918115972344
0.3984918115972344
0.3984918115972344
0.3984918115972344
0.3984918115972344
0.3984918115972344
0.3984918115972344
0.3984918115972344
-1.4780323048217494
-1.4780323048217494
-1.4780323048217494
-1.4780323048217494
-1.4780323048217494
-1.4780323048217494
-1.4780323048217494
-1.4780323048217494
-1.4780323048217494
-1.4780323048217494
-1.4780323048217494
-1.4780323048217494
-1.4780323048217494
-1.4780323048217494
-2.393548673029924
-2.393548673029924
-2.393548673029924
-2.393548673029924
-2.393548673029924
-2.393548673029924
-2.393548673029924
-2.393548673029924
-2.393548673029924
-2.393548673029924
-2.393548673029924
-2.393548673029924
-2.393548673029924
-2.393548673029924
-2.393548673029924
-2.393548673029924
-2.393548673029924
-2.393548673029924
-1.0799817915366352
-1.0799817915366352
-1.0799817915366352
-1.0799817915366352
-1.0799817915366352
-1.0799817915366352
-1.0799817915366352
-1.0799817915366352
-1.0799817915366352
-1.0799817915366352
-1.0799817915366352
-1.0799817915366352
-1.0799817915366352
-1.0799817915366352
-0.4601600757179941
-0.4601600757179941
-0.4601600757179941
-0.4601600757179941
-0.4601600757179941
-0.4601600757179941
-0.4601600757179941
-0.4601600757179941
-0.4601600757179941
-0.4601600757179941
-0.4601600757179941
-0.4601600757179941
-0.4601600757179941
-0.4601600757179941
-0.4601600757179941
-0.4601600757179941
-0.4601600757179941
-0.4601600757179941
-0.4601600757179941
-0.4601600757179941
-0.4601600757179941
-0.7387955885513654
-0.7387955885513654
-0.7387955885513654
-0.7387955885513654
-0.7387955885513654
-0.7387955885513654
-0.7387955885513654
-0.7387955885513654
-0.7387955885513654
-0.7387955885513654
-0.7387955885513654
-0.7387955885513654
0.0573056086119646
0.0573056086119646
0.0573056086119646
0.0573056086119646
0.0573056086119646
0.0573056086119646
0.0573056086119646
0.0573056086119646
0.0573056086119646
0.0573056086119646
0.0573056086119646
0.0573056086119646
0.0573056086119646
0.0573056086119646
0.0573056086119646
0.0573056086119646
0.0573056086119646
-0.0564231825808258
-0.0564231825808258
-0.0564231825808258
-0.0564231825808258
-0.0564231825808258
-0.0564231825808258
-0.0564231825808258
-0.0564231825808258
-0.0564231825808258
-0.0564231825808258
-0.0564231825808258
-0.0564231825808258
-0.0564231825808258
-0.0564231825808258
-0.0564231825808258
-0.0564231825808258
-1.1368461018364795
-1.1368461018364795
-1.1368461018364795
-1.1368461018364795
-1.1368461018364795
-1.1368461018364795
-1.1368461018364795
-1.1368461018364795
-1.1368461018364795
-1.1368461018364795
-1.1368461018364795
-1.1368461018364795
0.2847630204044439
0.2847630204044439
0.2847630204044439
0.2847630204044439
0.2847630204044439
0.2847630204044439
0.2847630204044439
0.2847630204044439
0.2847630204044439
0.2847630204044439
0.2847630204044439
0.2847630204044439
0.2847630204044439
0.2847630204044439
0.2847630204044439
0.2847630204044439
0.2847630204044439
-0.1701518031805146
-0.1701518031805146
-0.1701518031805146
-0.1701518031805146
-0.1701518031805146
-0.1701518031805146
-0.1701518031805146
-0.1701518031805146
-0.1701518031805146
-0.1701518031805146
-0.0564231825808258
-0.0564231825808258
-0.0564231825808258
-0.0564231825808258
-0.0564231825808258
-0.0564231825808258
-0.0564231825808258
-0.0564231825808258
-0.0564231825808258
-0.45447369586594
-0.45447369586594
-0.45447369586594
-0.45447369586594
-0.45447369586594
-0.45447369586594
-0.45447369586594
-0.45447369586594
-0.45447369586594
-0.45447369586594
-0.45447369586594
-0.0052452521330352
-0.0052452521330352
-0.0052452521330352
-0.0052452521330352
-0.0052452521330352
-0.0052452521330352
-0.0052452521330352
-0.0052452521330352
-0.0052452521330352
-0.0052452521330352
0.3302545710001804
0.3302545710001804
0.3302545710001804
0.3302545710001804
0.3302545710001804
0.3302545710001804
0.3302545710001804
0.3302545710001804
0.3302545710001804
0.3302545710001804
0.2847630204044439
0.2847630204044439
0.2847630204044439
0.2847630204044439
0.2847630204044439
0.2847630204044439
0.2847630204044439
0.2847630204044439
0.2847630204044439
0.2847630204044439
0.2847630204044439
0.2847630204044439
0.1653478493595996
0.1653478493595996
0.1653478493595996
0.1653478493595996
0.1653478493595996
0.1653478493595996
0.1653478493595996
0.1653478493595996
0.1653478493595996
0.1653478493595996
0.1653478493595996
0.1653478493595996
0.1653478493595996
-0.0564231825808258
-0.0564231825808258
-0.0564231825808258
-0.0564231825808258
-0.0564231825808258
-0.0564231825808258
-0.0564231825808258
-0.0564231825808258
-0.0564231825808258
-0.0564231825808258
-0.0564231825808258
-0.0564231825808258
-0.0564231825808258
-0.0564231825808258
-0.0564231825808258
-0.0564231825808258
-0.0564231825808258
-0.0564231825808258
-0.0564231825808258
-0.0564231825808258
-3.1839633197480985
-3.1839633197480985
-3.1839633197480985
-3.1839633197480985
-3.1839633197480985
-3.1839633197480985
-3.1839633197480985
-3.1839633197480985
-3.1839633197480985
-3.1839633197480985
-3.1839633197480985
-3.1839633197480985
-3.1839633197480985
-3.1839633197480985
-3.1839633197480985
-3.1839633197480985
-3.1839633197480985
-3.1839633197480985
-3.1839633197480985
0.7908559450302947
0.7908559450302947
0.7908559450302947
0.7908559450302947
0.7908559450302947
0.7908559450302947
0.7908559450302947
0.7908559450302947
0.7908559450302947
0.7908559450302947
0.7908559450302947
0.7908559450302947
0.7908559450302947
0.7908559450302947
0.7908559450302947
0.7908559450302947
0.7908559450302947
0.7908559450302947
0.5122206027900248
0.5122206027900248
0.5122206027900248
0.5122206027900248
0.5122206027900248
0.5122206027900248
0.5122206027900248
0.5122206027900248
0.5122206027900248
0.5122206027900248
0.5122206027900248
0.5122206027900248
0.5122206027900248
0.5122206027900248
0.5122206027900248
0.5122206027900248
0.1653478493595996
0.1653478493595996
0.1653478493595996
0.1653478493595996
0.1653478493595996
0.1653478493595996
0.1653478493595996
0.1653478493595996
0.1653478493595996
0.1653478493595996
0.381432501447971
0.381432501447971
0.381432501447971
0.381432501447971
0.381432501447971
0.381432501447971
0.381432501447971
0.381432501447971
0.381432501447971
0.381432501447971
0.381432501447971
0.381432501447971
0.381432501447971
0.381432501447971
0.381432501447971
0.381432501447971
0.381432501447971
0.381432501447971
0.381432501447971
0.381432501447971
0.381432501447971
0.381432501447971
0.381432501447971
0.381432501447971
0.381432501447971
-1.1368461018364795
-1.1368461018364795
-1.1368461018364795
-1.1368461018364795
-1.1368461018364795
-1.1368461018364795
-1.1368461018364795
-1.1368461018364795
-1.1368461018364795
-1.1368461018364795
-1.1368461018364795
-1.1368461018364795
-1.1368461018364795
-1.1368461018364795
-1.1368461018364795
-1.1368461018364795
-1.1368461018364795
-1.1368461018364795
-1.1368461018364795
-1.1368461018364795
-1.1368461018364795
0.9614490465229296
0.9614490465229296
0.9614490465229296
0.9614490465229296
0.9614490465229296
0.9614490465229296
0.9614490465229296
0.9614490465229296
0.9614490465229296
0.9614490465229296
0.9614490465229296
0.9614490465229296
0.9614490465229296
0.9614490465229296
0.9614490465229296
0.5577119827926599
0.5577119827926599
0.5577119827926599
0.5577119827926599
0.5577119827926599
0.5577119827926599
0.5577119827926599
0.5577119827926599
0.5577119827926599
0.5577119827926599
0.5577119827926599
0.5577119827926599
0.5577119827926599
0.5577119827926599
0.5577119827926599
0.5577119827926599
0.5577119827926599
0.5577119827926599
0.5577119827926599
0.5577119827926599
0.5577119827926599
-0.0564231825808258
-0.0564231825808258
-0.0564231825808258
-0.0564231825808258
-0.0564231825808258
-0.0564231825808258
-0.0564231825808258
-0.0564231825808258
-0.0564231825808258
-0.0564231825808258
-0.0564231825808258
-0.0564231825808258
-0.45447369586594
-0.45447369586594
-0.45447369586594
-0.45447369586594
-0.45447369586594
-0.45447369586594
-0.45447369586594
-0.45447369586594
-0.45447369586594
-0.45447369586594
-0.45447369586594
-0.45447369586594
-0.45447369586594
-0.45447369586594
-0.45447369586594
-0.45447369586594
-0.45447369586594
0.3984918115972344
0.3984918115972344
0.3984918115972344
0.3984918115972344
0.3984918115972344
0.3984918115972344
0.3984918115972344
0.3984918115972344
0.3984918115972344
0.5122206027900248
0.5122206027900248
0.5122206027900248
0.5122206027900248
0.5122206027900248
0.5122206027900248
0.5122206027900248
0.5122206027900248
0.5122206027900248
0.5122206027900248
0.5122206027900248
0.5122206027900248
1.0239999072679296
1.0239999072679296
1.0239999072679296
1.0239999072679296
1.0239999072679296
1.0239999072679296
1.0239999072679296
1.0239999072679296
1.0239999072679296
0.4553561218970789
0.4553561218970789
0.4553561218970789
0.4553561218970789
0.4553561218970789
0.4553561218970789
0.4553561218970789
0.4553561218970789
0.4553561218970789
0.4553561218970789
0.4553561218970789
0.4553561218970789
-0.6250667973585748
-0.6250667973585748
-0.6250667973585748
-0.6250667973585748
-0.6250667973585748
-0.6250667973585748
-0.6250667973585748
-0.6250667973585748
-0.6250667973585748
-0.6250667973585748
-0.3407449046731495
-0.3407449046731495
-0.3407449046731495
-0.3407449046731495
-0.3407449046731495
-0.3407449046731495
-0.3407449046731495
-0.3407449046731495
-0.3407449046731495
-0.3407449046731495
-0.3976093855660956
-0.3976093855660956
-0.3976093855660956
-0.3976093855660956
-0.3976093855660956
-0.3976093855660956
-0.3976093855660956
-0.3976093855660956
-0.3976093855660956
-0.3976093855660956
-0.3976093855660956
1.0239999072679296
1.0239999072679296
1.0239999072679296
1.0239999072679296
1.0239999072679296
1.0239999072679296
1.0239999072679296
1.0239999072679296
1.0239999072679296
1.0239999072679296
1.0239999072679296
0.3928054317451804
0.3928054317451804
0.3928054317451804
0.3928054317451804
0.3928054317451804
0.3928054317451804
0.3928054317451804
0.3928054317451804
0.3928054317451804
0.3928054317451804
0.3928054317451804
0.3928054317451804
0.3928054317451804
-0.9093886900440002
-0.9093886900440002
-0.9093886900440002
-0.9093886900440002
-0.9093886900440002
-0.9093886900440002
-0.9093886900440002
-0.9093886900440002
-0.9093886900440002
-0.9093886900440002
0.9671354263749836
0.9671354263749836
0.9671354263749836
0.9671354263749836
0.9671354263749836
0.9671354263749836
0.9671354263749836
-0.6819311076584194
-0.6819311076584194
-0.6819311076584194
-0.6819311076584194
-0.6819311076584194
-0.6819311076584194
-0.6819311076584194
-0.6819311076584194
-0.6819311076584194
-0.6819311076584194
-0.6819311076584194
-0.6819311076584194
-0.6819311076584194
-0.6819311076584194
-0.6819311076584194
-0.6819311076584194
-0.6819311076584194
-0.6819311076584194
-0.6819311076584194
-0.6819311076584194
-0.6819311076584194
0.7965423248823488
0.7965423248823488
0.7965423248823488
0.7965423248823488
0.7965423248823488
0.7965423248823488
0.7965423248823488
0.7965423248823488
0.7965423248823488
0.7965423248823488
0.7965423248823488
0.0573056086119646
0.0573056086119646
0.0573056086119646
0.0573056086119646
0.0573056086119646
0.0573056086119646
0.0573056086119646
0.0573056086119646
0.0573056086119646
0.0573056086119646
0.0573056086119646
0.0573056086119646
0.0573056086119646
0.0573056086119646
0.0573056086119646
0.0573056086119646
0.0573056086119646
0.0573056086119646
0.7965423248823488
0.7965423248823488
0.7965423248823488
0.7965423248823488
0.7965423248823488
0.7965423248823488
0.7965423248823488
0.7965423248823488
0.7965423248823488
0.7965423248823488
0.4951612926407613
0.4951612926407613
0.4951612926407613
0.4951612926407613
0.4951612926407613
0.4951612926407613
0.4951612926407613
0.4951612926407613
0.4951612926407613
-0.1701518031805146
-0.1701518031805146
-0.1701518031805146
-0.1701518031805146
-0.1701518031805146
-0.1701518031805146
-0.1701518031805146
-0.1701518031805146
-0.1701518031805146
-0.1701518031805146
-0.1701518031805146
-0.6307531772106291
-0.6307531772106291
-0.6307531772106291
-0.6307531772106291
-0.6307531772106291
-0.6307531772106291
-0.6307531772106291
-0.6307531772106291
-0.6307531772106291
-0.6307531772106291
-0.6307531772106291
-0.6307531772106291
-0.6307531772106291
-0.6307531772106291
-0.6307531772106291
-0.6307531772106291
-0.6307531772106291
-0.6307531772106291
-0.6307531772106291
-0.6307531772106291
-0.1815247334777242
-0.1815247334777242
-0.1815247334777242
-0.1815247334777242
-0.1815247334777242
-0.1815247334777242
-0.1815247334777242
-0.1815247334777242
-0.1815247334777242
0.1710343998047551
0.1710343998047551
0.1710343998047551
0.1710343998047551
0.1710343998047551
0.1710343998047551
0.1710343998047551
0.1710343998047551
0.1710343998047551
0.1710343998047551
0.1710343998047551
0.1710343998047551
0.1710343998047551
0.1710343998047551
0.1710343998047551
0.1710343998047551
0.1710343998047551
0.1710343998047551
0.1710343998047551
0.1710343998047551
-0.0564231825808258
-0.0564231825808258
-0.0564231825808258
-0.0564231825808258
-0.0564231825808258
-0.0564231825808258
-0.0564231825808258
-0.0564231825808258
-0.0564231825808258
-0.0564231825808258
-0.0564231825808258
-0.0564231825808258
-0.0564231825808258
-0.0564231825808258
-0.0564231825808258
-0.0564231825808258
-0.0564231825808258
-0.0564231825808258
-0.0564231825808258
-0.0564231825808258
-0.0564231825808258
-2.2172690210921333
-2.2172690210921333
-2.2172690210921333
-2.2172690210921333
-2.2172690210921333
-2.2172690210921333
-2.2172690210921333
-2.2172690210921333
-2.2172690210921333
-2.2172690210921333
-2.2172690210921333
-2.2172690210921333
-2.2172690210921333
-2.2172690210921333
-2.2172690210921333
-2.2172690210921333
-0.45447369586594
-0.45447369586594
-0.45447369586594
-0.45447369586594
-0.45447369586594
-0.45447369586594
-0.45447369586594
-0.45447369586594
-0.45447369586594
-0.45447369586594
-0.45447369586594
1.0239999072679296
1.0239999072679296
0.0971106087625456
0.0971106087625456
0.0971106087625456
0.0971106087625456
0.0971106087625456
0.0971106087625456
0.0971106087625456
0.0971106087625456
0.0971106087625456
0.0971106087625456
0.2278987101045995
0.2278987101045995
0.2278987101045995
0.2278987101045995
0.2278987101045995
0.2278987101045995
0.2278987101045995
0.2278987101045995
0.2278987101045995
0.2278987101045995
0.2278987101045995
0.2278987101045995
0.2278987101045995
0.2278987101045995
0.2278987101045995
0.2278987101045995
0.2278987101045995
0.2278987101045995
0.2278987101045995
0.2278987101045995
0.2278987101045995
0.9671354263749836
0.9671354263749836
0.9671354263749836
-0.1132874928806702
-0.1132874928806702
-0.1132874928806702
-0.1132874928806702
-0.1132874928806702
-0.1132874928806702
-0.1132874928806702
-0.1132874928806702
-0.1132874928806702
-0.1132874928806702
-0.1132874928806702
-0.1132874928806702
-0.1132874928806702
-0.1132874928806702
0.2790766405523899
0.2790766405523899
0.2790766405523899
0.2790766405523899
0.2790766405523899
0.2790766405523899
0.2790766405523899
0.2790766405523899
0.2790766405523899
0.2790766405523899
0.2790766405523899
0.2790766405523899
0.2790766405523899
0.2790766405523899
0.2790766405523899
0.2790766405523899
0.2790766405523899
0.2790766405523899
0.2790766405523899
-0.5113380061657844
-0.5113380061657844
-0.5113380061657844
-0.5113380061657844
-0.5113380061657844
-0.5113380061657844
-0.5113380061657844
-0.5113380061657844
-0.5113380061657844
-0.5113380061657844
-0.5113380061657844
-0.5113380061657844
-0.5113380061657844
-0.5113380061657844
-0.5113380061657844
-0.5113380061657844
-0.5113380061657844
-0.5113380061657844
-0.0791688725821432
-0.0791688725821432
-0.0791688725821432
-0.0791688725821432
-0.0791688725821432
-0.0791688725821432
-0.0791688725821432
-0.0791688725821432
-0.0791688725821432
-0.0791688725821432
-0.0791688725821432
-0.0791688725821432
-0.0791688725821432
-0.0791688725821432
-0.0791688725821432
-0.0791688725821432
-0.0791688725821432
-0.0791688725821432
-0.0791688725821432
-0.0791688725821432
-1.4780323048217494
-1.4780323048217494
-1.4780323048217494
-1.4780323048217494
-1.4780323048217494
-1.4780323048217494
-1.4780323048217494
-1.4780323048217494
-1.4780323048217494
-1.4780323048217494
-1.4780323048217494
-1.4780323048217494
-1.4780323048217494
-1.4780323048217494
-1.4780323048217494
-1.4780323048217494
-1.4780323048217494
-1.4780323048217494
-1.4780323048217494
-1.4780323048217494
-1.4780323048217494
0.9671354263749836
0.9671354263749836
0.9671354263749836
0.9671354263749836
0.9671354263749836
0.9671354263749836
0.9671354263749836
0.9671354263749836
0.9671354263749836
0.8534068057752945
0.8534068057752945
0.8534068057752945
0.8534068057752945
0.8534068057752945
0.8534068057752945
0.8534068057752945
0.8534068057752945
0.8534068057752945
0.8534068057752945
0.8534068057752945
0.8534068057752945
0.8534068057752945
0.8534068057752945
0.8534068057752945
0.8534068057752945
-2.899641427062673
-2.899641427062673
-2.899641427062673
-2.899641427062673
-2.899641427062673
-2.899641427062673
-2.899641427062673
-2.899641427062673
-2.899641427062673
-2.899641427062673
-2.899641427062673
-2.899641427062673
-2.899641427062673
-2.899641427062673
-2.899641427062673
-2.899641427062673
-2.899641427062673
-2.899641427062673
-2.899641427062673
-2.899641427062673
-2.899641427062673
-2.899641427062673
-2.899641427062673
-2.899641427062673
-2.899641427062673
0.8534068057752945
0.8534068057752945
0.8534068057752945
0.8534068057752945
0.8534068057752945
0.8534068057752945
0.8534068057752945
0.8534068057752945
0.8534068057752945
0.8534068057752945
0.8534068057752945
0.8534068057752945
-0.1132874928806702
-0.1132874928806702
-0.1132874928806702
-0.1132874928806702
-0.1132874928806702
-0.1132874928806702
-0.1132874928806702
-0.1132874928806702
-0.1132874928806702
-0.1132874928806702
-0.1132874928806702
-0.1132874928806702
1.080864217567774
1.080864217567774
1.080864217567774
1.080864217567774
1.080864217567774
1.080864217567774
1.080864217567774
1.080864217567774
1.080864217567774
1.080864217567774
1.080864217567774
1.080864217567774
1.080864217567774
1.080864217567774
1.080864217567774
1.080864217567774
1.080864217567774
1.080864217567774
1.080864217567774
1.080864217567774
0.5065340523448694
0.5065340523448694
0.5065340523448694
0.5065340523448694
0.5065340523448694
0.5065340523448694
0.5065340523448694
0.5122206027900248
0.5122206027900248
1.080864217567774
1.080864217567774
1.080864217567774
1.080864217567774
0.3928054317451804
0.3928054317451804
0.3928054317451804
0.3928054317451804
0.3928054317451804
0.3928054317451804
0.3928054317451804
0.3928054317451804
0.3928054317451804
0.3928054317451804
0.3928054317451804
0.3928054317451804
0.3928054317451804
1.0239999072679296
1.0239999072679296
1.0239999072679296
1.0239999072679296
1.0239999072679296
1.0239999072679296
1.0239999072679296
1.0239999072679296
1.0239999072679296
1.0239999072679296
1.0239999072679296
-0.6250667973585748
-0.6250667973585748
-0.6250667973585748
-0.6250667973585748
-0.6250667973585748
-0.6250667973585748
-0.6250667973585748
-0.6250667973585748
-0.6250667973585748
-0.6250667973585748
-0.6250667973585748
-0.6250667973585748
-0.6250667973585748
-0.6250667973585748
-0.6250667973585748
-0.6250667973585748
-0.6250667973585748
-0.6250667973585748
-0.6250667973585748
-0.6250667973585748
-0.6250667973585748
-0.6250667973585748
-0.6250667973585748
-0.6250667973585748
-0.6250667973585748
-0.6250667973585748
-0.6250667973585748
-0.6250667973585748
0.2278987101045995
0.2278987101045995
0.2278987101045995
0.2278987101045995
0.2278987101045995
0.2278987101045995
0.2278987101045995
0.2278987101045995
0.2278987101045995
0.2278987101045995
0.2278987101045995
0.2278987101045995
-0.6250667973585748
-0.6250667973585748
-0.6250667973585748
1.080864217567774
1.080864217567774
1.080864217567774
1.080864217567774
1.080864217567774
1.080864217567774
1.080864217567774
1.080864217567774
1.080864217567774
1.080864217567774
1.080864217567774
1.080864217567774
0.2278987101045995
0.2278987101045995
0.2278987101045995
0.2278987101045995
0.2278987101045995
0.2278987101045995
0.2278987101045995
0.2278987101045995
0.2278987101045995
0.2278987101045995
0.2278987101045995
0.2278987101045995
0.2278987101045995
0.2278987101045995
0.2278987101045995
-2.330997812284924
-2.330997812284924
-2.330997812284924
-2.330997812284924
-2.330997812284924
-2.330997812284924
-2.330997812284924
-2.330997812284924
-2.330997812284924
-2.330997812284924
-2.330997812284924
-2.330997812284924
-2.330997812284924
-2.330997812284924
-2.330997812284924
-3.1839633197480985
-3.1839633197480985
-3.1839633197480985
-3.1839633197480985
-3.1839633197480985
-3.1839633197480985
-3.1839633197480985
-3.1839633197480985
-3.1839633197480985
-3.1839633197480985
-3.1839633197480985
-3.1839633197480985
-3.1839633197480985
-3.1839633197480985
-3.1839633197480985
-3.1839633197480985
-3.1839633197480985
-3.1839633197480985
-3.1839633197480985
-3.1839633197480985
-3.1839633197480985
-3.1839633197480985
-3.1839633197480985
-3.1839633197480985
-3.1839633197480985
-3.1839633197480985
-3.1839633197480985
-3.1839633197480985
-3.1839633197480985
-3.1839633197480985
1.080864217567774
1.080864217567774
1.080864217567774
1.080864217567774
1.080864217567774
1.080864217567774
1.080864217567774
1.080864217567774
1.080864217567774
1.080864217567774
1.080864217567774
1.080864217567774
1.080864217567774
1.080864217567774
1.080864217567774
1.080864217567774
1.080864217567774
1.080864217567774
1.080864217567774
1.080864217567774
1.080864217567774
1.080864217567774
1.080864217567774
1.080864217567774
1.080864217567774
1.080864217567774
1.080864217567774
1.080864217567774
1.080864217567774
1.080864217567774
1.080864217567774
1.080864217567774
1.080864217567774
1.080864217567774
1.080864217567774
1.080864217567774
1.080864217567774
1.080864217567774
1.080864217567774
1.080864217567774
1.080864217567774
1.080864217567774
1.080864217567774
1.080864217567774
1.080864217567774
1.080864217567774
1.080864217567774
1.080864217567774
1.080864217567774
1.080864217567774
1.080864217567774
1.080864217567774
1.080864217567774
1.0638049074185103
1.0638049074185103
1.0638049074185103
1.0638049074185103
1.0638049074185103
1.0638049074185103
1.080864217567774
1.080864217567774
1.080864217567774
1.080864217567774
1.080864217567774
1.080864217567774
1.080864217567774
1.080864217567774
1.080864217567774
1.080864217567774
1.080864217567774
1.080864217567774
1.080864217567774
1.080864217567774
1.080864217567774
1.080864217567774
1.080864217567774
1.080864217567774
1.080864217567774
1.080864217567774
1.080864217567774
1.080864217567774
1.080864217567774
1.080864217567774
1.080864217567774
1.080864217567774
1.080864217567774
1.080864217567774
1.080864217567774
1.080864217567774
1.080864217567774
1.080864217567774
1.080864217567774
1.080864217567774
1.080864217567774
1.080864217567774
1.080864217567774
1.080864217567774
1.080864217567774
1.080864217567774
1.080864217567774
1.080864217567774
0.2278987101045995
0.2278987101045995
0.2278987101045995
0.2278987101045995
0.2278987101045995
0.2278987101045995
0.2278987101045995
0.2278987101045995
0.2278987101045995
0.2278987101045995
0.2278987101045995
0.2278987101045995
0.2278987101045995
0.2278987101045995
0.2278987101045995
0.2278987101045995
-1.4780323048217494
-1.4780323048217494
-1.4780323048217494
-1.4780323048217494
-1.4780323048217494
-1.4780323048217494
-1.4780323048217494
-1.4780323048217494
-1.4780323048217494
-1.4780323048217494
-1.4780323048217494
-1.4780323048217494
1.080864217567774
1.080864217567774
1.080864217567774
1.080864217567774
1.080864217567774
1.080864217567774
1.080864217567774
1.080864217567774
1.080864217567774
1.080864217567774
1.080864217567774
1.080864217567774
1.080864217567774
1.080864217567774
1.080864217567774
1.080864217567774
1.080864217567774
1.080864217567774
1.080864217567774
1.080864217567774
1.080864217567774
1.080864217567774
1.080864217567774
1.080864217567774
1.080864217567774
1.080864217567774
1.080864217567774
1.080864217567774
1.080864217567774
1.080864217567774
1.080864217567774
1.080864217567774
1.080864217567774
1.080864217567774
1.080864217567774
1.080864217567774
1.080864217567774
1.080864217567774
1.080864217567774
1.080864217567774
1.080864217567774
0.2278987101045995
0.2278987101045995
0.2278987101045995
0.2278987101045995
0.2278987101045995
0.2278987101045995
1.080864217567774
1.080864217567774
1.080864217567774
1.080864217567774
1.080864217567774
1.080864217567774
1.080864217567774
1.080864217567774
1.080864217567774
1.080864217567774
1.080864217567774
1.080864217567774
1.080864217567774
0.2278987101045995
0.2278987101045995
0.2278987101045995
1.080864217567774
1.080864217567774
1.080864217567774
1.080864217567774
1.080864217567774
1.080864217567774
1.080864217567774
1.080864217567774
1.080864217567774
1.080864217567774
1.080864217567774
1.080864217567774
1.080864217567774
1.080864217567774
1.080864217567774
1.080864217567774
1.080864217567774
1.080864217567774
1.080864217567774
1.080864217567774
1.080864217567774
1.080864217567774
1.080864217567774
1.080864217567774
1.080864217567774
1.080864217567774
1.080864217567774
1.080864217567774
1.080864217567774
1.080864217567774
1.080864217567774
1.080864217567774
1.080864217567774
1.080864217567774
1.080864217567774
1.080864217567774
1.080864217567774
1.080864217567774
1.080864217567774
1.080864217567774
1.080864217567774
1.080864217567774
1.080864217567774
1.080864217567774
1.080864217567774
1.080864217567774
1.080864217567774
1.080864217567774
1.080864217567774
1.080864217567774
1.080864217567774
1.080864217567774
1.080864217567774
1.080864217567774
1.080864217567774
1.080864217567774
1.080864217567774
1.080864217567774
1.080864217567774
1.080864217567774
1.080864217567774
1.080864217567774
1.080864217567774
0.9102711160751392
0.9102711160751392
0.9102711160751392
0.9102711160751392
0.9102711160751392
0.9102711160751392
0.9102711160751392
0.9102711160751392
0.9102711160751392
0.9102711160751392
0.9102711160751392
0.9102711160751392
0.9102711160751392
0.9102711160751392
1.080864217567774
1.080864217567774
1.080864217567774
1.080864217567774
1.080864217567774
1.080864217567774
1.080864217567774
1.080864217567774
1.080864217567774
1.080864217567774
1.080864217567774
1.080864217567774
1.080864217567774
1.080864217567774
